location:
  latitude: 49.4179402
  longitude: 8.674625699999979
